1001160971262550017
1003107003693137921
1005846500583321601
1009577803304656896
1010384732759252997
1011418918567792641
1011581275851943938
1011970623470489601
1016532597432725506
1016943828052336640
102707504
1028833460
1038970825699774465
1044285651812839424
1045110787
1047390492541874176
105327432
1054893957652434944
1058807868
1060338999611420672
10615232
1067968702400876544
1073047860260814848
1073606435580325889
1074480192
1079009826833862656
107918290
1079776144524754944
1080154047519150080
1080844782
1082258629116465152
1087209480184463362
1087380412089987077
1088371662108676096
1089151295397621760
1092579601962975232
1094713876132872192
1094971056358637568
1095523459877068800
109579534
1096205507348623360
1097990106860797952
1098819491780153345
110194870
110448981
1105659718528262144
1108450312870875137
1108477440517656576
1108565574
1109045045649424386
1109357946671153152
1113341312
11134252
1113747629282930688
1116612139
1117704370630455296
1120633726478823425
1123536127908966400
112398730
1131917492
1132832803
1137992526646956033
1138886434478182401
1146329871418843136
1147865396709593088
1149445446433218563
1150553499500814339
1155845777039810560
1157395568135557120
1158193640
1159682513947652096
116228328
1163992520252153857
1167843938599952384
1168793622248067072
116889724
1168968080690749441
117122035
1172535926209298432
1173882011007643648
1173978070535024642
1177447852915609600
117856715
118166719
1182090678999736321
118459189
1189799454506799104
1196590977932091392
1197209917972762625
1199103810540470272
1201670995435646976
1201953403099893760
1204080117217202183
1205226529455632385
1207874097251639296
1208160128060379136
121127090
1212560564225900544
1213446779535937542
1220843046125940736
1221462414744596483
1222773302441148416
122453931
1226088089489199106
1230463969
1230746879698165762
1231538146006798336
12321952
123327472
1237314642583658496
1238370241169616897
1238583088998830081
1238949674989416449
1240407498
1241591213578317825
1243560408025198593
1244795359097958401
1245843601390817281
1247188089618874370
1247612029
1248731077075664898
1249982359
1257381543137460225
1262456293157003272
1265187595161464833
1266006636000358402
1266038659
1268223690480615424
1271084812296761344
1271162030393896968
1275462892591202304
1276123381
1277653859301801984
1277802780233658368
1278401163373707267
1280478731874848769
12848262
1296279134079823872
1298372735383605249
1299769218
130120037
130557513
1309417499398746112
1315053256343719936
131546062
1316957121066409985
13218102
1321935792416149505
1322155395146797056
1323090408730062849
1323730225067339784
1324889974349697024
1325563478
1326139149426941952
132731802
1327442450957303809
1330859882040463362
133584406
1335983975613939712
1336983802590101504
1339835893
1340093943879512065
1340783304304410625
1341233976434782210
1342989756611907584
1344007696555663360
1344256277518692354
1344356576786866176
1349149096909668363
1349170292564905988
1350150750966603777
1354525155238801413
1357131432804700160
135890983
1359532099
136004952
1361083361675137024
1363365594272133120
1364639441604800513
1367057849738661888
1367531
137198586
1376373064875659270
138168339
1382912376597479427
1383272101
139109800
139328853
1397724205106405380
14104027
14106476
14157134
14159148
14173315
14191961
1421835080813666306
1422044577079377924
142332083
1424033022
14247236
14260960
14281853
14298769
143127083
14335586
14344823
143500773
14361155
14362766
14437914
14461561
1449302062081138692
14499829
145499533
1456025947719622661
1460176204363972613
1462548977367359490
14707794
1471037967926018051
1478462760572780547
1481651363335471129
148529707
14892665
149522272
15012486
15115280
151257881
15207668
15220768
15250661
152656121
153517357
15392486
1539378523
1540529606
15414356
1541780334
15423737
15446551
15464697
15480566
15580900
1558406653
155930120
15675138
1573800344
15740776
15745368
15764644
15801906
158414847
1585
159021888
15976705
159955958
16012783
16041234
160856325
16094885
16134235
16212771
16213404
163018653
16313405
16331010
1634512056
16352975
1640929196
164679813
1652177576
1652541
165660881
16582131
16606569
16635277
166426325
1667415740
16675569
166985027
167281867
16753407
16827148
16832632
16834659
16961918
16973333
17027632
170280910
17138582
171429034
17143007
171699484
1719253842
171989865
17250722
173629507
173672963
174151902
17477864
17494010
17503820
175248804
175989309
17659982
177437962
17774061
17829133
178580925
17895820
1796057425
18004222
180797277
180887271
18166778
18178850
18213483
183036128
18320938
183770461
18440301
18501381
18559001
1857948524
18595994
1866938882
18703437
18741571
18753424
18831926
1891490382
18915145
18925120
189305014
189570603
189631331
18965916
189868631
19038934
19058678
1906282568
190817371
19084896
19089339
1915033663
1917731
191807697
1926075181
19386778
19424427
19429280
19568591
1957610664
19604599
19605053
19644592
19739126
19825835
198296897
198584761
19899980
19902709
19913106
20052899
20172153
20217019
20280088
20405787
205242337
20559705
20675681
20742888
20764031
209415989
20973388
20995648
210149871
21055261
21059255
212445456
212621119
21269970
21525682
21575717
2161389312
21619519
216881337
2172596028
217543151
218154836
21855179
2186207924
2189523500
218975278
21952044
22129280
22187085
22196776
2223157392
2227646515
2234760798
2235731509
224668336
225338707
22537043
22573600
225779417
225921757
2260944469
2266925107
22703645
2277445532
22799257
22803269
2288308578
2289770467
2296145948
22997830
23022687
2316383071
23197565
2323448533
232427887
2324991210
23281108
2332818674
233343317
2336701370
234694571
2352629311
2353605901
23554832
235717819
236487888
2369799780
237612784
237845487
239210681
23937894
239971233
2400284491
2420336131
2421067430
24215395
242555999
2425571623
242827267
2452853334
246178914
2461810448
2467791
246939630
2475407894
2479226604
2490890594
2522775577
254515782
2553418813
255369151
255471924
25575859
255812611
255887362
2561429863
2569219368
25723601
257339683
2573480784
258124400
25868334
25887412
259395895
2595088842
259509302
25960714
2598999181
260059352
260211154
2608740770
2615581908
26217297
262219168
26361656
264124770
26417909
26637348
2672715140
2680280115
2698422738
270132611
271075882
27382158
27493883
276688330
2768271223
2768501
278145569
2783787047
279390084
280980769
2809959174
281376874
2836421
28370738
284590933
2876041031
28785486
288277167
288363743
2885493519
288755234
289498966
2899264434
291626846
2916395070
2920030904
2926204339
2932460195
2937740737
29420301
29442313
29447428
29501253
2962813893
296553576
29695330
297100174
29769998
2985479932
298673723
2987599687
299273962
3014537423
304679484
307755781
3079986094
30844417
309570860
3103505578
3107322079
310746442
3131144855
3140730672
3148736402
3152110454
31667539
31669146
3192855216
3226113792
3246790436
3276863125
3277827936
3282955777
32871086
328756439
3288075858
3303457302
33216799
335195929
33537967
335455570
33608041
33727663
3380282686
3383159573
3393609490
3407247983
34116377
34180269
3424070074
34247411
342863309
345275528
3453306553
34713362
349816997
35157660
351784239
352754946
35436391
35787166
3602064317
36372343
364696531
36711022
368240745
3711001
37190669
372536101
380648579
3832
384233102
38531995
38576013
38751107
390022404
39155029
3930472251
39344374
39416218
399265360
40068395
402888514
40316065
40353407
4043106914
406842374
40778270
4091551984
409657315
409687240
4107939250
4118285112
41218263
412548718
41438148
416950760
41822696
419757788
419951447
4216062853
42518865
426909329
42769304
430452224
4315639054
432895323
43601834
43633246
44196397
4453812625
446764989
447851721
44835347
453473029
45379403
454067089
454099919
4541535439
455684839
45618045
45840174
459872442
462021312
463214687
465936656
467726691
467823431
4725383142
47475039
47747074
48325671
48624704
4878610324
489377813
490002009
492034179
493714995
49698134
50055701
50560529
506071299
506216849
50769180
508591081
510464011
51241418
51241574
51378153
52211840
524524991
52497540
525783599
525812268
526197521
52770751
528016807
528674835
529147678
535918478
536646582
5392522
53963427
539833719
548384458
55060090
55113432
551483643
552511754
55329156
55376380
556519575
559681926
560165933
56503668
56768709
571141141
579747564
58191687
58436094
586291040
588732151
58974496
592730371
593289567
59740725
60483082
60496760
605153786
60597469
60606206
60779696
611278121
612441328
612473
61660254
621533
62603750
630995607
631540093
63942152
64643056
65357102
65566588
66917778
67805368
67934675
67953340
68128023
69181624
700637412
701725963
701844034755633157
702577251020382209
707967655031005186
71048726
711608180535640064
711750460932141056
713752653289955329
722242009
722528529716383744
7270292
729277017028337664
73206956
738779772
73981267
739844197935644672
742143
745361615667638273
747885404
75050644
750658704949678081
751283435382067202
754108043974107137
757832485
7587032
759251
75939860
760219193195302912
761068933
764187379
766136186268160000
767788995962998784
76842602
770781940341288960
773368033
7768402
777070140
786309892990574592
793331593
79402753
795857631571156992
798953701972938752
799617770
799717156589965312
799911790398373888
800463336630403072
807095
807160
80802900
811229675758505984
812361923304034304
816131319033950208
816260792098000896
81741855
818893114979061761
818948638890217473
819185162479144960
8197942
819994707061248001
820452522494226433
825922405453402115
826631824700997633
832616065259614209
833988769
834081571493785600
834825983010107392
835309132509024260
836269814150746116
839854176762904577
84035041
840502412842541056
84174241
846454000585244672
848148994102611969
849376476877266944
850507814023942144
85795383
860654500431880192
864030687120281602
865210877678686208
86626845
868673067223887872
870629200348274688
873135988440223745
874916178
878247600096509952
878284831
879147821915615233
880018682
881615056437297152
88589013
885891622919184384
886398296146706432
888183349864476672
906082234490290176
90651198
90732175
91180720
914588454
91478624
91583544
917067807115874311
917442644
920943710254313472
926019424154349568
926164634570067968
92759522
928755000007897093
92932981
930552552302792705
93419198
935116421977186304
938494109844729856
93880122
939091
939679358536507392
94079202
941055265054408704
942156122
942202693015220224
945445862062387200
949892499878719488
95091601
95399839
95463107
955157661212987392
957306920
9609622
96502351
967027984426242053
967900364
968008274003005440
968831639857061888
970109612597895168
975200486
977204844
978265628426432512
980197980346175488
982511286
985523859179925504
99188075
993137216309383169
994594957
996094929733652481
996359407939174401
